ConflictDiamonds/src/conflictdiamonds/z_cities.txt
ncols         365
nrows         370
xllcorner     -13.303506
yllcorner     6.9176160000001
cellsize      0.0083333333333333
NODATA_value  -9999
[rows 66 to 131 of 370, columns 192 to 287 of 365]
1 1 1 1 2 2 2 2 2 2 3 3 3 3 3 4 4 4 5 5 5 6 6 7 8 8 9 10 10 11 11 12 12 13 14 14 15 15 16 17 17 18 19 19 20 20 21 22 22 23 23 23 22 22 22 21 21 21 20 19 19 18 18 17 16 16 15 15 14 13 13 12 12 11 11 10 10 9 9 8 8 7 6 6 5 5 4 4 3 3 2 2 1 1 1 1
1 2 2 2 2 2 3 3 3 3 3 3 3 4 4 4 4 5 5 5 6 6 7 7 8 9 9 10 11 11 12 12 13 13 14 14 15 16 16 17 18 18 19 19 20 21 21 22 23 23 23 23 23 23 22 22 22 21 20 20 19 19 18 17 17 16 15 15 14 14 13 12 12 12 11 11 10 10 9 9 8 7 7 6 5 5 4 4 3 3 2 2 2 1 1 1
1 2 2 2 2 3 3 3 3 3 4 4 4 4 4 5 5 5 5 6 6 7 7 8 8 9 10 10 11 11 12 12 13 14 14 15 15 16 17 17 18 18 19 20 20 21 22 22 23 24 24 24 24 23 23 23 22 21 21 20 19 19 18 18 17 16 16 15 14 14 13 13 12 12 12 11 11 10 10 9 8 8 7 6 6 5 4 4 3 3 3 2 2 1 1 1
2 2 2 3 3 3 3 4 4 4 4 4 4 5 5 5 5 6 6 6 7 7 8 8 9 9 10 10 11 12 12 13 13 14 14 15 16 16 17 18 18 19 19 20 20 21 22 22 23 24 24 25 24 24 24 23 22 22 21 20 20 19 18 18 17 17 16 15 15 14 14 13 13 12 12 12 11 10 10 9 9 8 7 6 6 5 5 4 4 3 3 2 2 2 1 1
2 2 3 3 3 3 4 4 4 4 5 5 5 5 6 6 6 6 7 7 7 8 8 9 9 10 10 11 11 12 12 13 14 14 15 15 16 17 17 18 18 19 20 20 21 21 22 23 23 24 25 25 25 24 24 23 22 22 21 20 20 19 19 18 18 17 16 16 15 14 14 14 13 13 12 12 11 11 10 9 9 8 7 7 6 6 5 4 4 3 3 3 2 2 2 1
2 2 3 3 4 4 4 4 5 5 5 5 6 6 6 6 7 7 7 8 8 8 9 9 10 10 11 11 12 12 13 13 14 14 15 16 16 17 18 18 19 19 20 20 21 22 22 23 24 24 25 26 25 25 24 23 23 22 21 21 20 20 19 18 18 17 17 16 15 15 15 14 14 13 13 12 12 11 10 10 9 8 8 7 6 6 5 5 4 4 3 3 3 2 2 2
2 3 3 4 4 4 5 5 5 5 6 6 6 6 7 7 7 8 8 8 9 9 9 10 10 11 11 12 12 12 13 14 14 15 15 16 17 17 18 18 19 19 20 21 21 22 23 23 24 25 25 26 26 25 24 24 23 22 22 21 20 20 19 19 18 18 17 16 16 16 15 14 14 14 13 12 12 11 11 10 9 9 8 7 7 6 5 5 4 4 4 3 3 3 2 2
2 3 3 4 4 5 5 6 6 6 6 7 7 7 7 8 8 8 9 9 9 10 10 10 11 11 12 12 12 13 13 14 15 15 16 16 17 18 18 19 19 20 20 21 22 22 23 24 24 25 26 26 26 25 25 24 23 23 22 21 21 20 19 19 18 18 17 17 17 16 15 15 14 14 13 13 12 12 11 10 10 9 8 8 7 6 6 5 5 4 4 4 3 3 2 2
3 3 3 4 4 5 5 6 6 7 7 7 8 8 8 8 9 9 9 10 10 10 10 11 11 12 12 12 13 13 14 14 15 15 16 17 17 18 18 19 19 20 21 21 22 23 23 24 25 25 26 27 26 26 25 24 24 23 22 22 21 20 20 19 19 18 18 18 17 16 16 15 15 14 14 13 12 12 11 11 10 9 9 8 7 7 6 5 5 5 4 4 4 3 3 2
3 3 4 4 5 5 6 6 7 7 8 8 8 9 9 9 9 10 10 10 10 11 11 11 12 12 12 13 13 14 14 14 15 16 16 17 18 18 19 19 20 20 21 21 22 23 23 24 25 25 26 27 27 26 25 25 24 23 23 22 21 21 20 19 19 19 18 18 17 17 16 16 15 14 14 13 13 12 11 11 10 10 9 8 8 7 6 6 5 5 5 4 4 3 3 2
3 3 4 4 5 6 6 7 7 8 8 9 9 9 9 10 10 10 11 11 11 11 12 12 12 12 13 13 14 14 14 15 15 16 17 17 18 18 19 19 20 21 21 22 22 23 24 24 25 26 26 27 27 26 25 25 24 23 23 22 21 21 20 20 19 19 19 18 18 17 17 16 15 15 14 14 13 12 12 11 10 10 9 9 8 7 7 6 6 5 5 4 4 3 3 2
3 4 4 5 5 6 6 7 8 8 9 9 10 10 10 10 11 11 11 11 12 12 12 12 13 13 13 14 14 14 15 15 16 16 17 18 18 19 19 20 20 21 21 22 23 23 24 25 25 26 27 27 27 26 26 25 24 24 23 22 22 21 21 20 20 19 19 19 18 18 17 16 16 15 14 14 13 12 12 11 11 10 10 9 8 8 7 7 6 6 5 4 4 3 3 2
4 4 4 5 5 6 7 7 8 9 9 10 10 10 11 11 11 12 12 12 12 12 13 13 13 14 14 14 14 15 15 16 16 17 17 18 18 19 20 20 21 21 22 22 23 24 24 25 26 26 27 28 27 27 26 25 25 24 23 23 22 21 21 21 20 20 19 19 18 18 17 17 16 15 15 14 13 13 12 12 11 10 10 9 9 8 7 7 6 6 5 4 4 3 3 2
4 4 5 5 6 6 7 8 8 9 10 10 11 11 11 12 12 12 12 13 13 13 13 14 14 14 14 15 15 15 16 16 17 17 18 18 19 19 20 20 21 21 22 23 23 24 25 25 26 27 27 28 28 27 26 26 25 24 24 23 22 22 22 21 21 20 20 19 19 18 17 17 16 16 15 14 14 13 12 12 11 11 10 10 9 8 8 7 6 6 5 5 4 4 3 3
5 5 5 5 6 7 7 8 9 9 10 11 11 12 12 12 12 13 13 13 14 14 14 14 15 15 15 15 16 16 16 17 17 18 18 19 19 19 20 21 21 22 22 23 24 24 25 26 26 27 28 28 28 27 27 26 25 25 24 23 23 23 22 21 21 21 20 19 19 18 18 17 16 16 15 15 14 13 13 12 12 11 11 10 9 9 8 7 7 6 5 5 4 4 3 3
5 6 6 6 6 7 8 8 9 10 10 11 11 12 12 13 13 13 14 14 14 14 14 15 15 15 16 16 16 16 17 17 17 18 18 19 19 20 20 21 22 22 23 23 24 25 25 26 27 27 28 29 28 28 27 26 26 25 24 24 24 23 22 22 21 21 20 20 19 19 18 17 17 16 15 15 14 14 13 12 12 11 11 10 10 9 8 8 7 6 6 5 4 4 3 3
6 6 6 7 7 7 8 9 9 10 10 11 11 12 12 12 12 13 13 13 13 14 14 14 14 15 15 15 15 16 16 16 17 18 18 19 19 20 20 21 22 22 23 24 24 25 26 26 27 28 28 29 29 28 27 27 26 25 25 25 24 23 23 22 22 21 21 20 19 19 18 18 17 16 16 15 14 14 13 13 12 12 11 11 10 9 9 8 7 6 6 5 5 4 4 3
6 7 7 7 8 8 8 9 10 10 11 11 11 11 11 11 12 12 12 12 13 13 13 14 14 14 14 15 15 15 15 16 17 17 18 18 19 20 20 21 22 22 23 24 24 25 26 26 27 28 28 29 29 28 28 27 26 26 26 25 24 24 23 23 22 21 21 20 20 19 18 18 17 17 16 15 15 14 14 13 13 12 11 11 10 9 9 8 7 7 6 6 5 4 4 4
7 7 8 8 8 9 9 9 10 10 11 10 10 10 11 11 11 11 12 12 12 12 13 13 13 13 14 14 14 14 15 16 16 17 18 18 19 19 20 21 21 22 23 23 24 25 25 26 27 27 28 29 29 29 28 27 27 27 26 25 25 24 24 23 22 22 21 20 20 19 19 18 18 17 16 16 15 14 14 14 13 12 12 11 10 10 9 8 8 7 6 6 5 5 4 4
8 8 8 9 9 9 10 10 10 10 10 10 9 10 10 10 11 11 11 11 12 12 12 12 12 13 13 13 14 14 15 15 16 17 17 18 19 19 20 20 21 22 22 23 24 24 25 26 26 27 28 28 29 29 28 28 28 27 26 26 25 25 24 23 23 22 21 21 20 20 19 18 18 17 17 16 15 15 14 14 13 12 12 11 11 10 9 9 8 7 7 6 5 5 5 5
9 9 9 9 10 10 10 10 10 10 9 9 9 9 9 10 10 10 10 11 11 11 11 12 12 12 12 13 13 14 15 15 16 16 17 18 18 19 19 20 21 21 22 23 23 24 25 25 26 27 27 28 29 29 29 29 28 27 27 26 26 25 24 24 23 22 22 21 20 20 19 19 18 18 17 16 16 15 15 14 13 13 12 12 11 10 10 9 8 8 7 6 6 6 6 5
9 9 10 10 10 10 10 9 9 9 9 8 8 8 9 9 9 9 10 10 10 11 11 11 11 12 12 12 13 14 14 15 16 16 17 17 18 19 19 20 20 21 22 22 23 24 24 25 26 26 27 28 28 29 29 29 28 28 27 27 26 25 25 24 23 23 22 21 21 20 19 19 18 18 17 17 16 16 15 14 14 13 12 12 11 11 10 9 9 8 7 7 7 6 6 6
10 10 10 10 10 9 9 9 9 8 8 8 7 8 8 8 9 9 9 9 10 10 10 10 11 11 12 12 13 13 14 15 15 16 17 17 18 18 19 20 20 21 21 22 23 23 24 25 26 26 27 28 28 29 30 29 29 28 28 27 26 26 25 24 24 23 22 22 21 20 20 19 19 18 18 17 16 16 15 14 14 13 13 12 11 11 10 10 9 8 8 8 7 7 7 6
10 10 10 9 9 9 8 8 8 8 7 7 7 7 7 8 8 8 8 9 9 9 10 10 10 11 11 12 12 13 14 14 15 16 16 17 18 18 19 19 20 21 21 22 23 23 24 25 25 26 27 27 28 29 29 30 29 29 28 27 27 26 25 25 24 23 23 22 21 21 20 19 19 19 18 17 17 16 15 15 14 14 13 12 12 11 10 10 9 9 9 8 8 8 7 7
10 9 9 9 8 8 8 7 7 7 7 6 6 6 7 7 7 7 8 8 8 9 9 9 10 10 11 12 12 13 14 14 15 15 16 17 17 18 19 19 20 20 21 22 22 23 24 24 25 26 26 27 28 28 29 30 29 29 28 28 27 26 25 25 24 23 23 22 21 21 20 20 19 19 18 18 17 16 16 15 14 14 13 12 12 11 11 10 10 10 9 9 9 8 8 8
10 9 8 8 8 7 7 7 6 6 6 6 6 6 6 6 6 7 7 7 8 8 8 9 10 10 11 11 12 13 13 14 14 15 16 16 17 18 18 19 19 20 21 21 22 23 23 24 25 25 26 27 27 28 29 29 30 29 28 28 27 26 26 25 24 24 23 22 22 21 21 20 20 19 18 18 17 17 16 15 15 14 13 13 12 12 11 11 10 10 10 10 9 9 9 9
9 9 8 7 7 7 6 6 6 6 5 5 5 5 5 6 6 6 6 7 7 7 8 9 9 10 11 11 12 12 13 14 14 15 16 16 17 17 18 19 19 20 20 21 22 22 23 24 24 25 26 26 27 28 28 29 30 29 29 28 27 27 26 25 25 24 23 23 22 21 21 20 20 19 19 18 17 17 16 16 15 14 14 13 12 12 12 11 11 11 11 10 10 10 9 9
9 8 8 7 6 6 6 6 5 5 5 5 4 5 5 5 5 6 6 6 6 7 8 8 9 10 10 11 12 12 13 13 14 15 15 16 16 17 18 18 19 20 20 21 21 22 23 23 24 25 25 26 27 27 28 29 30 30 29 28 28 27 26 26 25 24 24 23 22 22 21 21 20 19 19 18 18 17 16 16 15 15 14 13 13 12 12 12 12 11 11 11 11 10 10 10
9 8 7 7 6 5 5 5 5 4 4 4 4 4 4 4 5 5 5 5 6 7 7 8 9 9 10 11 11 12 12 13 14 14 15 16 16 17 18 18 19 19 20 20 21 22 22 23 24 25 25 26 27 27 28 29 29 30 29 29 28 27 27 26 25 25 24 23 23 22 22 21 20 20 19 19 18 17 17 16 15 15 14 14 13 13 13 12 12 12 12 12 11 11 11 11
8 8 7 6 6 5 5 4 4 4 4 4 3 4 4 4 4 4 5 5 6 6 7 8 8 9 10 10 11 12 12 13 14 14 15 15 16 17 17 18 18 19 20 20 21 22 22 23 24 24 25 26 26 27 28 28 29 30 30 29 28 28 27 26 26 25 24 24 23 23 22 21 21 20 19 19 18 18 17 16 16 15 14 14 14 14 13 13 13 13 12 12 12 12 11 11
8 7 7 6 6 5 4 4 4 3 3 3 3 3 3 3 4 4 4 5 6 6 7 7 8 9 9 10 11 11 12 13 13 14 14 15 16 16 17 18 18 19 19 20 21 21 22 23 23 24 25 25 26 27 27 28 29 29 30 29 29 28 27 27 26 25 25 24 24 23 22 22 21 20 20 19 18 18 17 17 16 15 15 15 15 14 14 14 14 13 13 13 12 12 12 12
8 7 6 6 5 5 4 4 3 3 3 3 2 3 3 3 3 4 4 5 5 6 6 7 8 9 9 10 11 11 12 12 13 14 14 15 15 16 17 17 18 19 19 20 20 21 22 22 23 24 24 25 26 26 27 28 28 29 30 29 29 28 28 27 26 26 25 24 24 23 22 22 21 20 20 19 19 18 18 17 16 16 16 15 15 15 15 14 14 14 14 13 13 13 13 12
8 7 6 6 5 4 4 3 3 3 2 2 2 2 2 3 3 3 4 4 5 6 6 7 8 8 9 10 10 11 11 12 13 13 14 15 15 16 16 17 18 18 19 20 20 21 21 22 23 23 24 25 25 26 27 27 28 29 29 30 29 29 28 27 27 26 25 25 24 23 23 22 21 21 20 20 19 18 18 17 17 17 16 16 16 16 15 15 15 14 14 14 14 14 13 13
7 7 6 5 5 4 4 3 3 2 2 2 2 2 2 2 3 3 4 4 5 5 6 7 7 8 9 9 10 11 11 12 12 13 14 14 15 16 16 17 17 18 19 19 20 20 21 22 22 23 24 24 25 26 26 27 28 29 29 30 29 29 28 28 27 26 26 25 24 24 23 22 22 21 20 20 19 19 18 18 18 17 17 17 16 16 16 16 15 15 15 15 14 14 14 14
7 6 6 5 5 4 4 3 3 2 2 1 1 1 2 2 3 3 4 4 5 5 6 6 7 8 8 9 10 10 11 12 12 13 13 14 15 15 16 17 17 18 18 19 20 20 21 21 22 23 24 24 25 26 26 27 28 28 29 30 30 29 29 28 27 27 26 25 25 24 23 23 22 21 21 20 19 19 19 18 18 18 18 17 17 17 17 16 16 16 16 15 15 15 14 14
7 6 6 5 4 4 3 3 2 2 2 1 1 1 2 2 2 3 3 4 4 5 6 6 7 7 8 9 9 10 11 11 12 13 13 14 14 15 16 16 17 18 18 19 19 20 21 21 22 23 23 24 25 25 26 27 27 28 29 29 30 30 29 28 28 27 26 26 25 24 24 23 22 22 21 20 20 19 19 19 19 18 18 18 18 17 17 17 17 16 16 16 15 14 14 14
7 6 6 5 5 4 4 3 3 2 2 1 1 1 2 2 3 3 4 4 5 5 6 6 7 8 8 9 10 10 11 12 12 13 13 14 15 15 16 17 17 18 18 19 20 20 21 21 22 23 24 24 25 26 26 27 28 28 29 30 30 30 29 29 28 27 27 26 25 25 24 23 23 22 21 21 20 20 20 20 19 19 19 19 18 18 18 18 17 17 16 15 15 14 14 13
7 7 6 5 5 4 4 3 3 2 2 2 2 2 2 2 3 3 4 4 5 5 6 7 7 8 9 9 10 11 11 12 12 13 14 14 15 16 16 17 17 18 19 19 20 20 21 22 22 23 24 24 25 26 26 27 28 29 29 30 30 30 30 29 28 28 27 26 25 25 24 23 23 22 21 21 21 21 20 20 20 20 19 19 19 19 18 18 17 16 16 15 15 14 13 13
7 7 6 6 5 4 4 3 3 3 2 2 2 2 2 3 3 3 4 4 5 6 6 7 8 8 9 10 10 11 11 12 13 13 14 15 15 16 16 17 18 18 19 20 20 21 21 22 23 23 24 25 25 26 27 27 28 29 29 30 31 30 30 29 28 28 27 26 26 25 24 24 23 22 22 22 22 21 21 21 20 20 20 20 19 19 18 17 17 16 16 15 14 14 13 12
6 7 6 6 5 5 4 4 3 3 3 3 2 3 3 3 3 4 4 5 5 6 6 7 8 9 9 10 11 11 12 12 13 14 14 15 15 16 17 17 18 19 19 20 20 21 22 22 23 24 24 25 26 26 27 28 28 29 30 30 31 31 30 29 29 28 27 27 26 25 25 24 23 23 23 23 22 22 22 21 21 21 20 20 19 18 18 17 17 16 15 15 14 13 13 12
6 6 6 6 6 5 4 4 4 3 3 3 3 3 3 3 4 4 4 5 6 6 7 7 8 9 9 10 11 11 12 13 13 14 14 15 16 16 17 18 18 19 19 20 21 21 22 23 23 24 25 25 26 27 27 28 29 29 30 31 31 31 30 30 29 28 28 27 26 26 25 24 24 24 23 23 23 23 22 22 21 21 20 19 19 18 18 17 16 16 15 14 14 13 12 12
5 5 6 6 6 5 5 4 4 4 4 4 3 4 4 4 4 4 5 5 6 6 7 8 8 9 10 10 11 12 12 13 14 14 15 15 16 17 17 18 18 19 20 20 21 22 22 23 24 24 25 26 26 27 28 28 29 30 30 31 31 31 31 30 29 29 28 27 27 26 25 25 25 24 24 24 24 23 22 22 21 20 20 19 19 18 17 17 16 15 15 14 14 13 12 12
5 5 6 6 6 5 5 5 5 4 4 4 4 4 4 4 5 5 5 5 6 7 7 8 9 9 10 11 11 12 12 13 14 14 15 16 16 17 18 18 19 19 20 20 21 22 22 23 24 25 25 26 27 27 28 29 29 30 30 31 31 31 31 30 30 29 28 28 27 26 26 26 25 25 25 24 23 23 22 21 21 20 19 19 18 18 17 16 16 15 14 14 13 13 12 11
4 5 6 6 6 6 6 6 5 5 5 5 4 5 5 5 5 6 6 6 6 7 8 8 9 10 10 11 12 12 13 13 14 15 15 16 16 17 18 18 19 20 20 21 21 22 23 23 24 25 25 26 27 27 28 29 30 30 31 31 32 31 31 30 30 29 29 28 27 27 27 26 26 25 24 24 23 22 22 21 20 20 19 19 18 17 17 16 16 15 14 14 13 12 12 11
4 5 5 6 6 7 6 6 6 6 5 5 5 5 5 6 6 6 6 7 7 7 8 9 9 10 11 11 12 12 13 14 14 15 16 16 17 17 18 19 19 20 20 21 22 22 23 24 24 25 26 26 27 28 28 29 30 30 31 31 31 31 31 31 30 29 29 28 28 27 27 26 25 25 24 23 23 22 21 21 20 20 19 18 18 17 16 16 15 15 14 13 13 12 12 11
4 4 5 6 6 7 7 7 6 6 6 6 6 6 6 6 6 7 7 7 8 8 8 9 10 10 11 11 12 13 13 14 14 15 16 16 17 18 18 19 19 20 21 21 22 23 23 24 25 25 26 27 27 28 29 29 30 31 31 31 31 31 31 31 30 30 29 29 28 27 27 26 25 25 24 23 22 22 21 20 20 19 19 18 18 17 16 16 15 14 14 13 12 12 11 11
4 4 5 5 6 7 7 7 7 7 7 6 6 6 7 7 7 7 8 8 8 9 9 9 10 10 11 12 12 13 14 14 15 15 16 17 17 18 19 19 20 20 21 22 22 23 24 24 25 26 26 27 28 28 29 30 30 31 31 31 30 30 30 30 30 30 29 28 28 27 26 26 25 24 24 23 22 22 21 20 20 19 18 18 17 17 16 15 15 14 14 13 12 12 11 10
4 4 5 5 6 6 7 8 8 8 7 7 7 7 7 8 8 8 8 9 9 9 10 10 10 11 11 12 12 13 14 14 15 16 16 17 18 18 19 19 20 21 21 22 23 23 24 25 25 26 27 27 28 29 29 30 30 31 30 30 30 30 29 30 30 29 29 28 27 27 26 25 25 24 23 23 22 21 21 20 19 19 18 18 17 16 16 15 14 14 13 13 12 11 11 10
3 4 4 5 6 6 7 7 8 8 8 8 7 8 8 8 9 9 9 9 10 10 10 10 11 11 12 12 13 13 14 15 15 16 17 17 18 18 19 20 20 21 21 22 23 23 24 25 26 26 27 28 28 29 30 30 30 30 30 29 29 29 29 29 29 29 28 28 27 26 26 25 24 24 23 22 22 21 20 20 19 19 18 17 17 16 15 15 14 14 13 12 12 11 11 10
3 4 4 5 6 6 7 7 8 9 9 8 8 8 9 9 9 9 10 10 10 11 11 11 11 12 12 12 13 14 14 15 16 16 17 17 18 19 19 20 20 21 22 22 23 24 24 25 26 26 27 28 28 29 30 30 30 29 29 29 29 28 28 28 29 29 28 27 27 26 25 25 24 23 23 22 21 21 20 20 19 18 18 17 16 16 15 15 14 13 13 12 11 11 10 10
4 4 5 5 6 6 7 8 8 9 9 9 9 9 9 10 10 10 10 11 11 11 11 12 12 12 12 13 13 14 15 15 16 16 17 18 18 19 19 20 21 21 22 23 23 24 25 25 26 27 27 28 29 29 30 29 29 29 28 28 28 28 27 28 28 28 28 27 26 26 25 24 24 23 22 22 21 20 20 19 19 18 17 17 16 16 15 14 14 13 12 12 11 11 10 9
4 4 5 5 6 7 7 8 9 9 10 10 9 10 10 10 11 11 11 11 12 12 12 12 12 13 13 13 14 14 15 15 16 17 17 18 19 19 20 20 21 22 22 23 24 24 25 26 26 27 28 28 29 29 29 29 28 28 28 27 27 27 27 27 27 27 28 27 26 26 25 24 24 23 22 21 21 20 20 19 18 18 17 17 16 15 15 14 13 13 12 12 11 10 10 9
4 4 5 6 6 7 8 8 9 10 10 10 10 10 11 11 11 11 12 12 12 12 13 13 13 13 14 14 14 14 15 16 16 17 18 18 19 19 20 21 21 22 23 23 24 25 25 26 27 27 28 29 29 28 28 28 28 27 27 27 26 26 26 26 26 27 27 27 26 25 25 24 23 23 22 21 21 20 19 19 18 18 17 16 16 15 14 14 13 13 12 11 11 10 9 9
4 5 5 6 6 7 8 9 9 10 11 11 11 11 11 11 12 12 12 12 13 13 13 14 14 14 14 15 15 15 15 16 17 17 18 18 19 20 20 21 22 22 23 24 24 25 26 26 27 28 28 28 28 28 27 27 27 27 26 26 26 26 25 26 26 26 26 27 26 26 25 24 24 23 22 21 21 20 20 19 18 18 17 17 16 15 15 14 13 13 12 12 11 10 10 9
4 5 6 6 7 7 8 9 9 10 11 11 11 12 12 12 12 13 13 13 13 14 14 14 14 15 15 15 15 16 16 16 17 18 18 19 19 20 20 21 22 22 23 24 24 25 26 27 27 28 28 28 27 27 27 27 26 26 26 25 25 25 25 25 25 25 26 26 26 26 25 24 24 23 22 22 21 20 20 19 19 18 17 17 16 16 15 14 14 13 12 12 11 11 10 9
5 5 6 6 7 8 8 9 10 10 11 12 12 12 12 13 13 13 14 14 14 14 14 15 15 15 16 16 16 16 17 17 17 18 18 19 20 20 21 21 22 23 23 24 25 25 26 27 27 28 27 27 27 26 26 26 26 25 25 25 24 24 24 24 24 25 25 25 26 26 25 25 24 23 23 22 21 21 20 20 19 18 18 17 16 16 15 15 14 13 13 12 11 11 10 10
5 5 6 7 7 8 9 9 10 11 11 12 12 13 13 13 14 14 14 14 15 15 15 15 16 16 16 16 17 17 17 18 18 18 19 19 20 20 21 22 22 23 24 24 25 26 26 27 27 27 27 26 26 26 25 25 25 25 24 24 24 24 23 24 24 24 24 25 25 25 25 25 24 24 23 22 22 21 20 20 19 19 18 17 17 16 15 15 14 14 13 12 12 11 11 10
5 6 6 7 8 8 9 10 10 11 12 12 13 13 14 14 14 14 15 15 15 16 16 16 16 17 17 17 17 18 18 18 18 19 19 19 20 21 21 22 23 23 24 25 25 26 27 27 26 26 26 26 25 25 25 25 24 24 24 23 23 23 23 23 23 23 24 24 24 25 25 25 24 24 23 23 22 21 21 20 19 19 18 18 17 16 16 15 14 14 13 13 12 11 11 10
6 6 7 7 8 9 9 10 11 11 12 12 13 14 14 15 15 15 15 16 16 16 16 17 17 17 17 18 18 18 18 19 19 19 19 20 20 21 22 22 23 24 24 25 26 26 26 26 26 26 25 25 25 24 24 24 24 23 23 23 22 22 22 22 22 23 23 23 24 24 24 24 24 23 23 23 22 22 21 20 20 19 18 18 17 17 16 15 15 14 14 13 12 12 11 10
6 7 7 8 8 9 10 10 11 11 12 13 13 14 14 15 15 16 16 16 16 17 17 17 18 18 18 18 19 19 19 19 20 20 20 20 21 21 22 23 23 24 25 25 26 26 26 25 25 25 25 24 24 24 23 23 23 23 22 22 22 21 21 21 22 22 22 23 23 23 23 23 23 23 22 22 22 22 21 20 20 19 19 18 18 17 16 16 15 14 14 13 12 12 11 11
6 7 8 8 9 9 10 10 11 12 12 13 14 14 15 15 16 16 17 17 17 17 18 18 18 18 19 19 19 19 20 20 20 20 21 21 21 21 22 23 23 24 25 25 26 25 25 25 24 24 24 24 23 23 23 22 22 22 22 21 21 21 21 21 21 21 22 22 22 22 23 23 22 22 22 21 21 21 21 20 20 20 19 18 18 17 16 16 15 15 14 13 13 12 12 11
7 7 8 9 9 10 10 11 11 12 12 13 14 14 15 16 16 17 17 18 18 18 18 19 19 19 19 19 20 20 20 20 21 21 21 22 22 22 22 23 24 24 25 25 25 25 24 24 24 23 23 23 23 22 22 22 22 21 21 21 20 20 20 20 20 21 21 21 22 22 22 22 22 21 21 21 20 20 20 20 20 19 19 19 18 17 17 16 16 15 14 14 13 12 12 11
7 8 8 9 10 10 11 11 12 12 13 13 14 15 15 16 17 17 18 18 18 19 19 19 19 20 20 20 20 21 21 21 21 22 22 22 22 23 23 23 24 24 24 24 24 24 24 23 23 23 23 22 22 22 21 21 21 21 20 20 20 20 19 20 20 20 20 21 21 21 21 21 21 21 20 20 20 20 19 19 19 19 18 18 18 18 17 16 16 15 14 14 13 13 12 11
8 8 9 9 10 10 11 12 12 12 13 14 14 15 16 16 17 17 18 19 19 19 19 20 20 20 20 20 20 20 20 20 21 21 21 22 22 22 22 23 23 23 23 24 24 23 23 23 22 22 22 22 21 21 21 20 20 20 20 20 19 19 19 19 19 20 20 20 20 20 21 21 20 20 20 20 19 19 19 19 18 18 18 18 18 18 17 17 16 15 15 14 14 13 12 12
8 9 9 10 10 11 11 12 12 13 13 14 15 15 16 16 17 18 18 19 19 20 20 19 19 19 20 20 20 19 20 20 20 20 21 21 21 21 22 22 22 23 23 23 23 23 22 22 22 21 21 21 21 20 20 20 20 19 19 19 19 18 18 18 19 19 19 19 20 20 20 20 20 19 19 19 19 18 18 18 18 17 17 17 17 17 17 17 16 16 15 14 14 13 12 12
8 9 9 10 11 11 12 12 13 13 14 14 15 15 16 17 17 18 19 19 20 19 19 19 19 19 19 19 19 19 19 19 20 20 20 20 20 21 21 21 22 22 22 22 22 22 22 21 21 21 21 20 20 20 20 19 19 19 19 18 18 18 18 18 18 18 19 19 19 19 20 19 19 19 19 18 18 18 18 17 17 17 17 16 17 17 16 16 16 16 15 15 14 13 13 12
